   L1_DoubleCJet_ETM  1		0		 36.   36.   30.   -1.   4.5  -1  0.1 1 0
         L1_DoubleEG  2		1		 13.    7.   -1.   -1.  -1.   -1  9.0 1 0
        L1_DoubleJet  3		1		 56.   56.   -1.   -1.  -1.   -1  10. 1 0
         L1_DoubleMu  4		1		 10. 	  0.   -1.   -1. 	 5.    5  5.0 1 0
        L1_DoubleTau  5		1		 44.   44.   -1.   -1.   4.5  -1  2.0 1 0
            L1_EG_Mu  6		1		 12.   3.5   -1.   -1. 	 5.    5  3.0 1 0
           L1_EG_Tau  7		0		 22.   20.   -1.   -1.  -1.   -1  0.1 1 0
              L1_ETM  8		1		 36.   -1.   -1.   -1.  -1.   -1  7.0 1 0
              L1_HTT  9		1		150.   -1.   -1.   -1.  -1.   -1  2.0 1 0
          L1_HTT_ETM 10		0		 75.   50.   -1.   -1.  -1.   -1  0.1 1 0
            L1_Mu_EG 11		1		 12. 	  7.   -1.   -1. 	 5.    5  2.0 1 0
           L1_Mu_Tau 12		0		 17.   20.   -1.   -1.  -1.    5  0.1 1 0
         L1_QuadJetC 13		1 		 36.   36.   36.   36.  -1.   -1  10. 1 0
   L1_SingleCJet_ETM 14		0		 60.   20.   -1.   -1.   4.5  -1  0.1 1 0
         L1_SingleEG 15		1		 22.   -1.   -1.   -1.  -1.   -1  10. 1 0
    L1_SingleEG_CJet 16		0		 20.   32.   -1.   -1.  -1.   -1  0.1 1 0
     L1_SingleEG_ETM 17		0		 20.   20.   -1.   -1.  -1.   -1  0.1 1 0
      L1_SingleIsoEG 18		1		 18.   -1.   -1.   -1.   4.5  -1  9.0 1 0
        L1_SingleJet 19		1		128.   -1.   -1.   -1.  -1.   -1  2.0 1 0
         L1_SingleMu 20		1		 16.   -1.   -1.   -1.   2.1   5  9.0 1 0
    L1_SingleMu_CJet 21		0		 20.   32.   -1.   -1.   2.1   5  0.1 1 0
     L1_SingleMu_ETM 22		0		 20.   20.   -1.   -1.   2.1   5  0.1 1 0
        L1_SingleTau 23		0		 30.   -1.   -1.   -1.  -1.   -1  0.1 1 0
   L1_SingleTau_CJet 24		0		 40.   32.   -1.   -1.   4.5  -1  0.1 1 0
    L1_SingleTau_ETM 25		0		 40.   20.   -1.   -1.   4.5  -1  0.1 1 0
